1,51,3.06
2,51,39.78
3,51,49.98
4,51,50.49
5,51,50.49
6,51,50.49
7,51,50.49
8,51,50.49
9,51,50.49
10,51,49.98
11,51,50.49
12,51,50.49
13,51,50.49
14,51,51
15,51,50.49
16,51,50.49
17,51,50.49
18,51,50.49
19,51,50.49
20,51,50.49
21,51,50.49
22,51,50.49
23,51,50.49
24,51,50.49
25,51,50.49
26,51,50.49
27,51,50.49
28,51,50.49
29,51,50.49
30,51,49.98
31,51,50.49
32,51,50.49
33,51,50.49
34,51,50.49
35,51,50.49
36,51,50.49
37,51,50.49
38,51,50.49
39,51,51
40,51,50.49
41,51,49.98
42,51,50.49
43,51,50.49
44,51,50.49
45,51,50.49
46,51,49.98
47,51,50.49
48,51,50.49
49,51,50.49
50,51,50.49
51,51,49.98
52,51,50.49
53,51,50.49
54,51,50.49
55,51,50.49
56,51,50.49
57,51,50.49
58,51,50.49
59,51,49.98
60,51,50.49
61,51,50.49
62,51,50.49
63,51,50.49
64,51,50.49
65,51,51
66,51,50.49
67,51,50.49
68,51,50.49
69,51,50.49
